-1.090220700029210787e+00
1.629685019877029184e+00
1.891793909624583936e+00
4.107453065275826098e+00
5.677487746043790473e+00
7.349456038460864704e+00
3.845542591279032862e+00
4.464798939623624285e+00
4.715585558703554447e+00
-8.795345372165419562e-01
3.451131933656561013e-01
-2.856460126203201000e+00
-2.996366645585391897e+00
-2.744929617443997660e+00
-4.028487425233141295e+00
-5.066572692035411052e+00
-4.938860543470807052e+00
-4.200736824314169837e+00
-2.093179178262289941e+00
-2.921553396338397945e+00
-2.143220898208509639e-01
2.360667909723165536e+00
2.297657134911485155e+00
3.916883736486919343e+00
3.261462540703292667e+00
4.067725258911365493e+00
6.488544286685631768e+00
3.528051675760249584e+00
2.378477731417304675e+00
7.662752742764212810e-01
-6.391731739537727108e-01
-1.483506109081790703e+00
-3.456091654868184371e+00
-2.340458892640180366e+00
-5.510405116227958366e+00
-5.932310561910891344e+00
-2.759597834477679257e+00
-3.139654202621083190e+00
-3.815380029167867448e+00
-9.331236575602905869e-01
4.000630772509506383e-01
2.200789521919531921e+00
3.689009352712486312e+00
4.198655738771836177e+00
4.321231001030476193e+00
5.541756570115566660e+00
6.278469883104978777e+00
4.181561169678619017e+00
3.567006894218307966e+00
1.182563411017101940e+00
-3.145714933507090527e-01
-1.712987169843837698e+00
-2.114520856826922923e+00
-3.420943907251889016e+00
-4.242269858439131625e+00
-5.534727014786072985e+00
-4.749060547019644751e+00
-3.628454420757608379e+00
-1.783325980827723978e+00
-3.089307256800436496e-01
5.553987871103159835e-01
1.841365580640475397e+00
5.461483087799207325e+00
7.019693511453278134e+00
3.963426993689330491e+00
4.425432536557058150e+00
5.018368256189450705e+00
2.755409960131072644e+00
1.878002320260110825e+00
6.770811433684023051e-01
6.758790652859290038e-01
-4.237708458180845739e+00
-1.424944454810537442e+00
-3.714072984243216524e+00
-3.292585927636163312e+00
-5.194794775250199059e+00
-5.742070796213583961e+00
-3.286559277320771244e+00
-2.239919972263872960e+00
-1.593408912332773486e+00
-4.360235696782823744e-01
1.420236289746263481e+00
3.004930384739238569e+00
4.769072256863087667e+00
3.968694996190784252e+00
6.176832059388869922e+00
2.677215693593787638e+00
2.989554826566300338e+00
1.670617776650843656e+00
-1.156220444699420646e+00
-1.277783925861744496e+00
-1.149408903556905948e+00
-3.247598227201536236e+00
-4.247239422113509022e+00
-5.715250615670477430e+00
-3.743721980487205059e+00
-3.356960939664807242e+00
-4.377564684859043709e+00
-1.556070340831368970e+00
-1.854655637657772971e+00
9.484925757327153928e-01
2.753920122851341468e+00
3.666158109728528292e+00
4.798936369304844796e+00
5.124324916738177471e+00
4.559444207191228671e+00
3.849460816211857761e+00
2.784360454337083457e+00
2.880712121449133356e+00
3.767481254310865446e-01
-8.261019327760602549e-01
-2.510504737336090475e+00
-3.803155814512174437e+00
-4.596760889065659939e+00
-5.473487555923021830e+00
-4.928825732137367410e+00
-5.171250280518203901e+00
-3.182269607383358956e+00
-2.916335376738773633e+00
-6.265047659832543303e-01
1.123310314732080428e+00
4.617805179596016885e+00
3.417537971816283715e+00
3.283498933310683654e+00
4.458947693863661854e+00
7.942816173364754206e+00
4.357174304781052498e+00
3.853796869856046747e+00
2.489034656650487509e+00
6.380028781047057951e-01
-2.239110169453850663e-01
-9.254866098713947498e-01
-2.660892051675169068e+00
-3.088455451392925433e+00
-3.854393512185529502e+00
-3.979942337585593126e+00
-3.178503488950750189e+00
-3.637715700882525827e+00
-2.486088420859961179e+00
-1.940092795872606635e+00
9.367476873403586257e-01
2.608892763962533667e+00
4.859085706081327061e+00
4.142777386537066953e+00
6.836973481396187324e+00
7.180400670756206694e+00
5.195477387275515113e+00
4.168493955532568407e+00
2.609791090304966588e+00
-2.654402040390101414e-01
-1.246725867929824316e-01
-1.551577868000267202e+00
-2.620869923870479568e+00
-5.172190510253658502e+00
-5.946087869964066464e+00
-5.366159863804601748e+00
-3.368860121564838828e+00
-3.131907807498799823e+00
-1.389551453469889175e+00
8.484999964173858267e-01
1.506158401503632671e+00
4.625956152931331999e+00
4.333067183086452445e+00
5.236466722735094947e+00
6.354143132164310259e+00
4.543112304376974997e+00
4.388280793964129955e+00
3.986066006758177238e+00
1.322176639789286678e+00
1.725124012909644122e+00
-1.161488565256733274e+00
-2.988619894749445560e+00
-4.250006653672149248e+00
-4.889607204773215976e+00
-4.339889725846692414e+00
-6.065961724202814764e+00
-3.666622495307916729e+00
-1.962561169041580733e+00
-1.369246136129043334e+00
6.538158279192759492e-01
1.484987961372246534e+00
3.143001814443390440e+00
3.286008348618875807e+00
5.590067981840548761e+00
5.030803438016194562e+00
5.213588468244841678e+00
5.704183123339113592e+00
4.939581235425189121e+00
1.324567492954069614e+00
-9.584313306603797766e-01
-1.064685121002027390e+00
-2.403098050029627508e+00
-3.325318469733267612e+00
-4.391493363477036560e+00
-4.802034148492181131e+00
-4.752037884828780534e+00
-4.789496509246396805e+00
-4.716168587518027699e+00
-4.059017622142207848e+00
-1.522452620753696362e+00
1.012309545338775596e+00
3.101329317140154807e+00
5.564884939586200119e+00
5.154822647612231634e+00
6.001479806435693121e+00
5.796016626300695584e+00
4.540662046425598675e+00
1.503380637665173492e+00
2.640169514600071210e+00
1.406437601302539697e+00
-2.363880727766710876e+00
-2.250488374179546724e+00
-3.494022411202899914e+00
-4.660391472491400400e+00
-6.434868516740465338e+00
-5.642219466647098614e+00
-3.880225665353866482e+00
-3.579600250294812547e+00
-1.875482765153595466e-01
-7.415771973405467232e-01
2.498235833785228621e+00
7.461622997200119123e-01
4.432140463206080128e+00
3.746302949771604496e+00
4.629866495363327061e+00
5.752891670930083023e+00
3.009316041704990674e+00
1.316023821759786161e+00
1.032730800737723609e+00
-2.081311587386696083e-01
-2.208013778751742429e+00
-2.897209662540179753e+00
-2.274178125882296619e+00
-4.039850158904371824e+00
-4.536269332603533933e+00
-5.012269973971341663e+00
-3.202962118773263978e+00
-4.098549180234315692e+00
-4.936260867596917734e-01
-1.960469221626936154e+00
